2011,1,1,元旦
2011,4,5,清明節
2011,5,2,勞動節補假
2011,7,1,七一
2011,10,1,國慶
2011,12,26,聖誕節補假
2011,12,27,聖誕節第二天補假
2011,4,22,耶穌受難節
2011,4,23,耶穌受難節翌日
2011,4,25,復活節星期一
2011,2,3,農曆年初一
2011,2,4,農曆年初二
2011,2,5,農曆年初三
2011,5,10,佛誕
2011,6,6,端午節
2011,9,13,中秋節翌日
2011,10,5,重陽節
2012,1,2,元旦補假
2012,4,4,清明節
2012,5,1,勞動節
2012,7,2,七一補假
2012,10,2,十一補假
2012,12,25,聖誕節
2012,12,26,聖誕節第二天
2012,1,23,農曆年初一
2012,1,24,農曆年初二
2012,1,25,農曆年初三
2012,4,6,耶穌受難節
2012,4,7,耶穌受難節翌日
2012,4,9,復活節星期一
2012,4,28,佛誕
2012,6,23,端午節
2012,10,1,中秋節翌日
2012,10,23,重陽節
2013,1,1,元旦
2013,4,4,清明節
2013,5,1,勞動節
2013,7,1,七一
2013,10,1,國慶
2013,12,25,聖誕節
2013,12,26,聖誕節第二天
2013,2,11,農曆年初一補假
2013,2,12,農曆年初二補假
2013,2,13,農曆年初三補假
2013,3,29,耶穌受難節
2013,3,30,耶穌受難節翌日
2013,4,1,復活節
2013,5,17,佛誕
2013,6,12,端午節
2013,9,20,中秋節翌日
2013,10,14,重陽節翌日
2014,1,1,元旦
2014,4,5,清明節
2014,5,1,勞動節
2014,7,1,七一
2014,10,1,國慶
2014,12,25,聖誕節
2014,12,26,聖誕節第二天
2014,1,31,農曆年初一
2014,2,1,農曆年初二
2014,2,3,農曆年初三補假
2014,4,18,耶穌受難節
2014,4,19,耶穌受難節翌日
2014,4,21,復活節
2014,5,17,佛誕
2014,6,2,端午節
2014,9,9,中秋節翌日
2014,10,2,重陽節
2015,1,1,元旦
2015,4,6,清明節補假
2015,5,1,勞動節
2015,7,1,七一
2015,10,1,國慶
2015,12,25,聖誕節
2015,12,26,聖誕節第二天
2015,2,19,農曆年初一
2015,2,20,農曆年初二
2015,2,21,農曆年初三
2015,4,3,耶穌受難節
2015,4,4,耶穌受難節翌日
2015,4,7,復活節補假
2015,5,25,佛誕
2015,6,20,端午節
2015,9,28,中秋節翌日
2015,10,21,重陽節
